baselapices/imagenes/7.jpg 1278,1350,2044,1722,0 
baselapices/imagenes/8.jpg 1140,841,3090,1597,0 
baselapices/imagenes/3.jpg 1764,1008,2342,1990,0 2012,571,2965,1235,0 
baselapices/imagenes/9.jpg 937,1214,3379,2015,0 
baselapices/imagenes/23.jpg 881,1475,2781,2110,0 1039,496,3071,672,0 
baselapices/imagenes/31.jpg 1397,936,1589,2090,0 1106,2286,2312,2439,0 1195,672,2452,905,0 
baselapices/imagenes/22.jpg 1171,2787,1809,3024,0 1385,1969,3024,2420,0 1216,798,2788,1442,0 
baselapices/imagenes/17.jpg 575,2097,3536,2552,0 501,979,3395,1302,0 
baselapices/imagenes/20.jpg 1111,1698,3270,2126,0 1136,798,3358,1160,0 
baselapices/imagenes/21.jpg 1721,2056,3586,2365,0 1671,1270,3604,1579,0 907,584,1224,2224,0 
baselapices/imagenes/27.jpg 810,1767,1625,3753,0 1236,1,1395,1304,0 1730,751,1941,2633,0 
baselapices/imagenes/29.jpg 1956,783,2273,2234,0 
baselapices/imagenes/2.jpg 2540,253,3636,1637,0 1644,1352,3009,2189,0 
baselapices/imagenes/35.jpg 1599,1679,2299,1809,0 1624,1337,2325,1494,0 
baselapices/imagenes/41.jpg 851,1380,3536,2025,0 
baselapices/imagenes/40.jpg 1897,498,2626,2582,0 
baselapices/imagenes/45.jpg 1185,1131,3059,1957,0 
baselapices/imagenes/46.jpg 2066,473,2592,2531,0 951,781,1464,2530,0 
baselapices/imagenes/49.jpg 1013,1524,3031,1963,0 1071,675,3026,1337,0 
baselapices/imagenes/47.jpg 1492,731,2696,3024,0 
baselapices/imagenes/39.jpg 2450,526,3141,2652,0 1841,395,2272,2588,0 1260,363,1707,2465,0 
baselapices/imagenes/44.jpg 628,820,3717,1416,0 
baselapices/imagenes/24.jpg 654,805,3486,1451,0 
baselapices/imagenes/25.jpg 597,2327,2807,3024,0 915,1009,3829,1412,0 
baselapices/imagenes/54.jpg 1097,1938,3053,2324,0 1065,1337,3031,1771,0 1269,433,3384,865,0 
baselapices/imagenes/48.jpg 1068,1361,3012,1799,0 
baselapices/imagenes/37.jpg 1234,1148,3221,1716,0 
baselapices/imagenes/13.jpg 399,916,3266,2458,0 
baselapices/imagenes/10.jpg 1186,920,3391,1660,0 
baselapices/imagenes/36.jpg 1259,1210,3099,1744,0 
baselapices/imagenes/52.jpg 2246,1926,2619,2763,0 1092,2159,1896,2421,0 1113,1866,1881,2163,0 
baselapices/imagenes/50.jpg 2830,493,3465,2335,0 554,1233,1882,1753,0 540,664,1847,1307,0 
baselapices/imagenes/42.jpg 1086,1269,3598,1734,0 
baselapices/imagenes/5.jpg 2350,542,3212,1361,0 1425,1068,2107,1835,0 
baselapices/imagenes/18.jpg 1139,1350,3186,1584,0 
baselapices/imagenes/12.jpg 1256,1022,3090,1906,0 
baselapices/imagenes/6.jpg 973,1061,3501,1469,0 
baselapices/imagenes/53.jpg 1309,1545,3344,1902,0 1246,907,3314,1314,0 
baselapices/imagenes/19.jpg 938,1127,3497,1572,0 
baselapices/imagenes/11.jpg 602,899,3195,1501,0 
baselapices/imagenes/28.jpg 1900,1034,2857,2322,0 1744,911,1993,2071,0 1163,853,1375,2027,0 
baselapices/imagenes/33.jpg 1232,1422,3235,1745,0 
baselapices/imagenes/34.jpg 1074,1806,3182,2117,0 1031,783,3261,1094,0 
baselapices/imagenes/4.jpg 2278,392,2642,2175,0 
baselapices/imagenes/15.jpg 1216,1295,3422,1536,0 
baselapices/imagenes/14.jpg 1307,1125,3340,1570,0 
baselapices/imagenes/43.jpg 753,1256,3550,1757,0 
baselapices/imagenes/38.jpg 843,920,2541,1350,0 1627,1935,3636,2276,0 800,313,2357,681,0 
baselapices/imagenes/55.jpg 1675,692,2066,2121,0 2616,1029,3044,2367,0 2207,980,2682,2337,0 